{
 "cells": [
  {
   "metadata": {
    "ExecuteTime": {
     "end_time": "2024-11-22T19:23:29.088620Z",
     "start_time": "2024-11-22T19:23:28.923207Z"
    }
   },
   "cell_type": "code",
   "source": [
    "from get_samples import split_data\n",
    "\n",
    "X_train, X_test, y_train, y_test = split_data(True)\n",
    "X_train.corr()"
   ],
   "id": "313f50c1603207e5",
   "outputs": [
    {
     "data": {
      "text/plain": "                    Acceleration  Aggression   Agility   Balance  \\\nAcceleration            1.000000   -0.187202  0.649673  0.449445   \nAggression             -0.187202    1.000000 -0.140942 -0.134958   \nAgility                 0.649673   -0.140942  1.000000  0.629840   \nBalance                 0.449445   -0.134958  0.629840  1.000000   \nBall control            0.265619    0.139479  0.413764  0.247579   \nComposure               0.087109    0.338625  0.215447  0.094161   \nCrossing                0.305172    0.138523  0.369827  0.264364   \nCurve                   0.232843    0.060732  0.393609  0.269160   \nDribbling               0.472333   -0.064850  0.543519  0.354177   \nFinishing               0.298169   -0.222698  0.354765  0.186015   \nFree kick accuracy      0.081838    0.098153  0.274355  0.205642   \nHeading accuracy       -0.207015    0.409996 -0.255736 -0.367193   \nInterceptions          -0.263332    0.643798 -0.199302 -0.127897   \nJumping                 0.054247    0.350010  0.081735  0.034568   \nLong passing           -0.119178    0.370026  0.079900  0.095405   \nLong shots              0.170199    0.054224  0.308334  0.163664   \nMarking                -0.278099    0.598093 -0.254155 -0.157179   \nPenalties               0.134489   -0.070776  0.234285  0.126553   \nPositioning             0.329115   -0.031609  0.401633  0.221134   \nReactions               0.114344    0.398986  0.218898  0.084346   \nShort passing           0.011354    0.328198  0.198202  0.155829   \nShot power              0.159498    0.185610  0.226945  0.082305   \nSliding tackle         -0.265600    0.604516 -0.242149 -0.132111   \nSprint speed            0.845285   -0.141270  0.559481  0.326471   \nStamina                 0.155984    0.450735  0.171973  0.068056   \nStanding tackle        -0.280186    0.624399 -0.241289 -0.147119   \nStrength               -0.253388    0.472062 -0.347566 -0.511262   \nVision                  0.120210    0.098506  0.333929  0.242899   \nVolleys                 0.231575   -0.062425  0.348899  0.192263   \n\n                    Ball control  Composure  Crossing     Curve  Dribbling  \\\nAcceleration            0.265619   0.087109  0.305172  0.232843   0.472333   \nAggression              0.139479   0.338625  0.138523  0.060732  -0.064850   \nAgility                 0.413764   0.215447  0.369827  0.393609   0.543519   \nBalance                 0.247579   0.094161  0.264364  0.269160   0.354177   \nBall control            1.000000   0.654925  0.584859  0.632681   0.817990   \nComposure               0.654925   1.000000  0.446426  0.491485   0.505178   \nCrossing                0.584859   0.446426  1.000000  0.620211   0.580736   \nCurve                   0.632681   0.491485  0.620211  1.000000   0.623838   \nDribbling               0.817990   0.505178  0.580736  0.623838   1.000000   \nFinishing               0.536561   0.342126  0.251616  0.472258   0.626626   \nFree kick accuracy      0.548509   0.452153  0.525190  0.729192   0.495520   \nHeading accuracy        0.146003   0.323264 -0.009282 -0.013435  -0.024156   \nInterceptions           0.074579   0.255296  0.210354  0.011922  -0.157054   \nJumping                 0.026900   0.183070  0.000112 -0.038654  -0.057940   \nLong passing            0.533936   0.492360  0.496420  0.428867   0.340558   \nLong shots              0.634769   0.489515  0.416859  0.627741   0.615857   \nMarking                -0.027177   0.162987  0.156665 -0.076668  -0.243806   \nPenalties               0.475685   0.390170  0.278554  0.499030   0.487034   \nPositioning             0.648604   0.476571  0.432695  0.544046   0.692966   \nReactions               0.650824   0.687898  0.450723  0.446571   0.486425   \nShort passing           0.727369   0.614264  0.538700  0.512589   0.539136   \nShot power              0.585778   0.504732  0.373001  0.549159   0.535446   \nSliding tackle         -0.020306   0.158183  0.170799 -0.066751  -0.226410   \nSprint speed            0.222851   0.082739  0.282582  0.180019   0.416306   \nStamina                 0.257693   0.335489  0.269991  0.169983   0.149400   \nStanding tackle         0.017430   0.195383  0.178155 -0.040574  -0.202561   \nStrength                0.049432   0.261743 -0.046416 -0.063919  -0.127580   \nVision                  0.692793   0.552260  0.496810  0.605650   0.639090   \nVolleys                 0.571567   0.462679  0.350363  0.585876   0.603352   \n\n                    Finishing  ...  Reactions  Short passing  Shot power  \\\nAcceleration         0.298169  ...   0.114344       0.011354    0.159498   \nAggression          -0.222698  ...   0.398986       0.328198    0.185610   \nAgility              0.354765  ...   0.218898       0.198202    0.226945   \nBalance              0.186015  ...   0.084346       0.155829    0.082305   \nBall control         0.536561  ...   0.650824       0.727369    0.585778   \nComposure            0.342126  ...   0.687898       0.614264    0.504732   \nCrossing             0.251616  ...   0.450723       0.538700    0.373001   \nCurve                0.472258  ...   0.446571       0.512589    0.549159   \nDribbling            0.626626  ...   0.486425       0.539136    0.535446   \nFinishing            1.000000  ...   0.305107       0.245443    0.582733   \nFree kick accuracy   0.420203  ...   0.394828       0.506850    0.526971   \nHeading accuracy     0.072840  ...   0.393139       0.179404    0.249521   \nInterceptions       -0.457641  ...   0.338922       0.390472   -0.038002   \nJumping             -0.053998  ...   0.235041       0.039036    0.099491   \nLong passing         0.048532  ...   0.480534       0.806916    0.320679   \nLong shots           0.696425  ...   0.463109       0.479918    0.763123   \nMarking             -0.543012  ...   0.227423       0.297411   -0.130621   \nPenalties            0.656310  ...   0.341652       0.301491    0.545650   \nPositioning          0.735720  ...   0.493544       0.416923    0.568744   \nReactions            0.305107  ...   1.000000       0.630157    0.485614   \nShort passing        0.245443  ...   0.630157       1.000000    0.439895   \nShot power           0.582733  ...   0.485614       0.439895    1.000000   \nSliding tackle      -0.551173  ...   0.218283       0.310512   -0.124977   \nSprint speed         0.269362  ...   0.111506      -0.028539    0.166304   \nStamina             -0.009232  ...   0.400778       0.323316    0.214342   \nStanding tackle     -0.517038  ...   0.253866       0.351084   -0.091900   \nStrength            -0.055406  ...   0.275942       0.106062    0.217033   \nVision               0.498506  ...   0.513337       0.694760    0.502688   \nVolleys              0.741708  ...   0.407524       0.351591    0.647143   \n\n                    Sliding tackle  Sprint speed   Stamina  Standing tackle  \\\nAcceleration             -0.265600      0.845285  0.155984        -0.280186   \nAggression                0.604516     -0.141270  0.450735         0.624399   \nAgility                  -0.242149      0.559481  0.171973        -0.241289   \nBalance                  -0.132111      0.326471  0.068056        -0.147119   \nBall control             -0.020306      0.222851  0.257693         0.017430   \nComposure                 0.158183      0.082739  0.335489         0.195383   \nCrossing                  0.170799      0.282582  0.269991         0.178155   \nCurve                    -0.066751      0.180019  0.169983        -0.040574   \nDribbling                -0.226410      0.416306  0.149400        -0.202561   \nFinishing                -0.551173      0.269362 -0.009232        -0.517038   \nFree kick accuracy       -0.022303      0.026528  0.140869         0.009791   \nHeading accuracy          0.227284     -0.109531  0.222333         0.239867   \nInterceptions             0.885007     -0.242134  0.427693         0.904926   \nJumping                   0.193286      0.101521  0.315703         0.195809   \nLong passing              0.463510     -0.146928  0.310066         0.493667   \nLong shots               -0.207031      0.133986  0.180657        -0.166409   \nMarking                   0.943249     -0.246544  0.375929         0.939911   \nPenalties                -0.343738      0.109602  0.015522        -0.315758   \nPositioning              -0.328529      0.295938  0.176463        -0.294812   \nReactions                 0.218283      0.111506  0.400778         0.253866   \nShort passing             0.310512     -0.028539  0.323316         0.351084   \nShot power               -0.124977      0.166304  0.214342        -0.091900   \nSliding tackle            1.000000     -0.238841  0.372448         0.959091   \nSprint speed             -0.238841      1.000000  0.183090        -0.252568   \nStamina                   0.372448      0.183090  1.000000         0.393291   \nStanding tackle           0.959091     -0.252568  0.393291         1.000000   \nStrength                  0.281617     -0.135879  0.323926         0.317141   \nVision                   -0.028665      0.056201  0.219257         0.020072   \nVolleys                  -0.371330      0.206842  0.059566        -0.342426   \n\n                    Strength    Vision   Volleys  \nAcceleration       -0.253388  0.120210  0.231575  \nAggression          0.472062  0.098506 -0.062425  \nAgility            -0.347566  0.333929  0.348899  \nBalance            -0.511262  0.242899  0.192263  \nBall control        0.049432  0.692793  0.571567  \nComposure           0.261743  0.552260  0.462679  \nCrossing           -0.046416  0.496810  0.350363  \nCurve              -0.063919  0.605650  0.585876  \nDribbling          -0.127580  0.639090  0.603352  \nFinishing          -0.055406  0.498506  0.741708  \nFree kick accuracy -0.029244  0.597417  0.527804  \nHeading accuracy    0.550262  0.002711  0.132368  \nInterceptions       0.333758  0.081565 -0.278597  \nJumping             0.316148 -0.055130 -0.013467  \nLong passing        0.117040  0.602926  0.183002  \nLong shots          0.063145  0.623077  0.695889  \nMarking             0.309717 -0.037392 -0.370550  \nPenalties           0.019065  0.449446  0.651670  \nPositioning         0.002831  0.601337  0.665607  \nReactions           0.275942  0.513337  0.407524  \nShort passing       0.106062  0.694760  0.351591  \nShot power          0.217033  0.502688  0.647143  \nSliding tackle      0.281617 -0.028665 -0.371330  \nSprint speed       -0.135879  0.056201  0.206842  \nStamina             0.323926  0.219257  0.059566  \nStanding tackle     0.317141  0.020072 -0.342426  \nStrength            1.000000 -0.034438 -0.007951  \nVision             -0.034438  1.000000  0.530519  \nVolleys            -0.007951  0.530519  1.000000  \n\n[29 rows x 29 columns]",
      "text/html": "<div>\n<style scoped>\n    .dataframe tbody tr th:only-of-type {\n        vertical-align: middle;\n    }\n\n    .dataframe tbody tr th {\n        vertical-align: top;\n    }\n\n    .dataframe thead th {\n        text-align: right;\n    }\n</style>\n<table border=\"1\" class=\"dataframe\">\n  <thead>\n    <tr style=\"text-align: right;\">\n      <th></th>\n      <th>Acceleration</th>\n      <th>Aggression</th>\n      <th>Agility</th>\n      <th>Balance</th>\n      <th>Ball control</th>\n      <th>Composure</th>\n      <th>Crossing</th>\n      <th>Curve</th>\n      <th>Dribbling</th>\n      <th>Finishing</th>\n      <th>...</th>\n      <th>Reactions</th>\n      <th>Short passing</th>\n      <th>Shot power</th>\n      <th>Sliding tackle</th>\n      <th>Sprint speed</th>\n      <th>Stamina</th>\n      <th>Standing tackle</th>\n      <th>Strength</th>\n      <th>Vision</th>\n      <th>Volleys</th>\n    </tr>\n  </thead>\n  <tbody>\n    <tr>\n      <th>Acceleration</th>\n      <td>1.000000</td>\n      <td>-0.187202</td>\n      <td>0.649673</td>\n      <td>0.449445</td>\n      <td>0.265619</td>\n      <td>0.087109</td>\n      <td>0.305172</td>\n      <td>0.232843</td>\n      <td>0.472333</td>\n      <td>0.298169</td>\n      <td>...</td>\n      <td>0.114344</td>\n      <td>0.011354</td>\n      <td>0.159498</td>\n      <td>-0.265600</td>\n      <td>0.845285</td>\n      <td>0.155984</td>\n      <td>-0.280186</td>\n      <td>-0.253388</td>\n      <td>0.120210</td>\n      <td>0.231575</td>\n    </tr>\n    <tr>\n      <th>Aggression</th>\n      <td>-0.187202</td>\n      <td>1.000000</td>\n      <td>-0.140942</td>\n      <td>-0.134958</td>\n      <td>0.139479</td>\n      <td>0.338625</td>\n      <td>0.138523</td>\n      <td>0.060732</td>\n      <td>-0.064850</td>\n      <td>-0.222698</td>\n      <td>...</td>\n      <td>0.398986</td>\n      <td>0.328198</td>\n      <td>0.185610</td>\n      <td>0.604516</td>\n      <td>-0.141270</td>\n      <td>0.450735</td>\n      <td>0.624399</td>\n      <td>0.472062</td>\n      <td>0.098506</td>\n      <td>-0.062425</td>\n    </tr>\n    <tr>\n      <th>Agility</th>\n      <td>0.649673</td>\n      <td>-0.140942</td>\n      <td>1.000000</td>\n      <td>0.629840</td>\n      <td>0.413764</td>\n      <td>0.215447</td>\n      <td>0.369827</td>\n      <td>0.393609</td>\n      <td>0.543519</td>\n      <td>0.354765</td>\n      <td>...</td>\n      <td>0.218898</td>\n      <td>0.198202</td>\n      <td>0.226945</td>\n      <td>-0.242149</td>\n      <td>0.559481</td>\n      <td>0.171973</td>\n      <td>-0.241289</td>\n      <td>-0.347566</td>\n      <td>0.333929</td>\n      <td>0.348899</td>\n    </tr>\n    <tr>\n      <th>Balance</th>\n      <td>0.449445</td>\n      <td>-0.134958</td>\n      <td>0.629840</td>\n      <td>1.000000</td>\n      <td>0.247579</td>\n      <td>0.094161</td>\n      <td>0.264364</td>\n      <td>0.269160</td>\n      <td>0.354177</td>\n      <td>0.186015</td>\n      <td>...</td>\n      <td>0.084346</td>\n      <td>0.155829</td>\n      <td>0.082305</td>\n      <td>-0.132111</td>\n      <td>0.326471</td>\n      <td>0.068056</td>\n      <td>-0.147119</td>\n      <td>-0.511262</td>\n      <td>0.242899</td>\n      <td>0.192263</td>\n    </tr>\n    <tr>\n      <th>Ball control</th>\n      <td>0.265619</td>\n      <td>0.139479</td>\n      <td>0.413764</td>\n      <td>0.247579</td>\n      <td>1.000000</td>\n      <td>0.654925</td>\n      <td>0.584859</td>\n      <td>0.632681</td>\n      <td>0.817990</td>\n      <td>0.536561</td>\n      <td>...</td>\n      <td>0.650824</td>\n      <td>0.727369</td>\n      <td>0.585778</td>\n      <td>-0.020306</td>\n      <td>0.222851</td>\n      <td>0.257693</td>\n      <td>0.017430</td>\n      <td>0.049432</td>\n      <td>0.692793</td>\n      <td>0.571567</td>\n    </tr>\n    <tr>\n      <th>Composure</th>\n      <td>0.087109</td>\n      <td>0.338625</td>\n      <td>0.215447</td>\n      <td>0.094161</td>\n      <td>0.654925</td>\n      <td>1.000000</td>\n      <td>0.446426</td>\n      <td>0.491485</td>\n      <td>0.505178</td>\n      <td>0.342126</td>\n      <td>...</td>\n      <td>0.687898</td>\n      <td>0.614264</td>\n      <td>0.504732</td>\n      <td>0.158183</td>\n      <td>0.082739</td>\n      <td>0.335489</td>\n      <td>0.195383</td>\n      <td>0.261743</td>\n      <td>0.552260</td>\n      <td>0.462679</td>\n    </tr>\n    <tr>\n      <th>Crossing</th>\n      <td>0.305172</td>\n      <td>0.138523</td>\n      <td>0.369827</td>\n      <td>0.264364</td>\n      <td>0.584859</td>\n      <td>0.446426</td>\n      <td>1.000000</td>\n      <td>0.620211</td>\n      <td>0.580736</td>\n      <td>0.251616</td>\n      <td>...</td>\n      <td>0.450723</td>\n      <td>0.538700</td>\n      <td>0.373001</td>\n      <td>0.170799</td>\n      <td>0.282582</td>\n      <td>0.269991</td>\n      <td>0.178155</td>\n      <td>-0.046416</td>\n      <td>0.496810</td>\n      <td>0.350363</td>\n    </tr>\n    <tr>\n      <th>Curve</th>\n      <td>0.232843</td>\n      <td>0.060732</td>\n      <td>0.393609</td>\n      <td>0.269160</td>\n      <td>0.632681</td>\n      <td>0.491485</td>\n      <td>0.620211</td>\n      <td>1.000000</td>\n      <td>0.623838</td>\n      <td>0.472258</td>\n      <td>...</td>\n      <td>0.446571</td>\n      <td>0.512589</td>\n      <td>0.549159</td>\n      <td>-0.066751</td>\n      <td>0.180019</td>\n      <td>0.169983</td>\n      <td>-0.040574</td>\n      <td>-0.063919</td>\n      <td>0.605650</td>\n      <td>0.585876</td>\n    </tr>\n    <tr>\n      <th>Dribbling</th>\n      <td>0.472333</td>\n      <td>-0.064850</td>\n      <td>0.543519</td>\n      <td>0.354177</td>\n      <td>0.817990</td>\n      <td>0.505178</td>\n      <td>0.580736</td>\n      <td>0.623838</td>\n      <td>1.000000</td>\n      <td>0.626626</td>\n      <td>...</td>\n      <td>0.486425</td>\n      <td>0.539136</td>\n      <td>0.535446</td>\n      <td>-0.226410</td>\n      <td>0.416306</td>\n      <td>0.149400</td>\n      <td>-0.202561</td>\n      <td>-0.127580</td>\n      <td>0.639090</td>\n      <td>0.603352</td>\n    </tr>\n    <tr>\n      <th>Finishing</th>\n      <td>0.298169</td>\n      <td>-0.222698</td>\n      <td>0.354765</td>\n      <td>0.186015</td>\n      <td>0.536561</td>\n      <td>0.342126</td>\n      <td>0.251616</td>\n      <td>0.472258</td>\n      <td>0.626626</td>\n      <td>1.000000</td>\n      <td>...</td>\n      <td>0.305107</td>\n      <td>0.245443</td>\n      <td>0.582733</td>\n      <td>-0.551173</td>\n      <td>0.269362</td>\n      <td>-0.009232</td>\n      <td>-0.517038</td>\n      <td>-0.055406</td>\n      <td>0.498506</td>\n      <td>0.741708</td>\n    </tr>\n    <tr>\n      <th>Free kick accuracy</th>\n      <td>0.081838</td>\n      <td>0.098153</td>\n      <td>0.274355</td>\n      <td>0.205642</td>\n      <td>0.548509</td>\n      <td>0.452153</td>\n      <td>0.525190</td>\n      <td>0.729192</td>\n      <td>0.495520</td>\n      <td>0.420203</td>\n      <td>...</td>\n      <td>0.394828</td>\n      <td>0.506850</td>\n      <td>0.526971</td>\n      <td>-0.022303</td>\n      <td>0.026528</td>\n      <td>0.140869</td>\n      <td>0.009791</td>\n      <td>-0.029244</td>\n      <td>0.597417</td>\n      <td>0.527804</td>\n    </tr>\n    <tr>\n      <th>Heading accuracy</th>\n      <td>-0.207015</td>\n      <td>0.409996</td>\n      <td>-0.255736</td>\n      <td>-0.367193</td>\n      <td>0.146003</td>\n      <td>0.323264</td>\n      <td>-0.009282</td>\n      <td>-0.013435</td>\n      <td>-0.024156</td>\n      <td>0.072840</td>\n      <td>...</td>\n      <td>0.393139</td>\n      <td>0.179404</td>\n      <td>0.249521</td>\n      <td>0.227284</td>\n      <td>-0.109531</td>\n      <td>0.222333</td>\n      <td>0.239867</td>\n      <td>0.550262</td>\n      <td>0.002711</td>\n      <td>0.132368</td>\n    </tr>\n    <tr>\n      <th>Interceptions</th>\n      <td>-0.263332</td>\n      <td>0.643798</td>\n      <td>-0.199302</td>\n      <td>-0.127897</td>\n      <td>0.074579</td>\n      <td>0.255296</td>\n      <td>0.210354</td>\n      <td>0.011922</td>\n      <td>-0.157054</td>\n      <td>-0.457641</td>\n      <td>...</td>\n      <td>0.338922</td>\n      <td>0.390472</td>\n      <td>-0.038002</td>\n      <td>0.885007</td>\n      <td>-0.242134</td>\n      <td>0.427693</td>\n      <td>0.904926</td>\n      <td>0.333758</td>\n      <td>0.081565</td>\n      <td>-0.278597</td>\n    </tr>\n    <tr>\n      <th>Jumping</th>\n      <td>0.054247</td>\n      <td>0.350010</td>\n      <td>0.081735</td>\n      <td>0.034568</td>\n      <td>0.026900</td>\n      <td>0.183070</td>\n      <td>0.000112</td>\n      <td>-0.038654</td>\n      <td>-0.057940</td>\n      <td>-0.053998</td>\n      <td>...</td>\n      <td>0.235041</td>\n      <td>0.039036</td>\n      <td>0.099491</td>\n      <td>0.193286</td>\n      <td>0.101521</td>\n      <td>0.315703</td>\n      <td>0.195809</td>\n      <td>0.316148</td>\n      <td>-0.055130</td>\n      <td>-0.013467</td>\n    </tr>\n    <tr>\n      <th>Long passing</th>\n      <td>-0.119178</td>\n      <td>0.370026</td>\n      <td>0.079900</td>\n      <td>0.095405</td>\n      <td>0.533936</td>\n      <td>0.492360</td>\n      <td>0.496420</td>\n      <td>0.428867</td>\n      <td>0.340558</td>\n      <td>0.048532</td>\n      <td>...</td>\n      <td>0.480534</td>\n      <td>0.806916</td>\n      <td>0.320679</td>\n      <td>0.463510</td>\n      <td>-0.146928</td>\n      <td>0.310066</td>\n      <td>0.493667</td>\n      <td>0.117040</td>\n      <td>0.602926</td>\n      <td>0.183002</td>\n    </tr>\n    <tr>\n      <th>Long shots</th>\n      <td>0.170199</td>\n      <td>0.054224</td>\n      <td>0.308334</td>\n      <td>0.163664</td>\n      <td>0.634769</td>\n      <td>0.489515</td>\n      <td>0.416859</td>\n      <td>0.627741</td>\n      <td>0.615857</td>\n      <td>0.696425</td>\n      <td>...</td>\n      <td>0.463109</td>\n      <td>0.479918</td>\n      <td>0.763123</td>\n      <td>-0.207031</td>\n      <td>0.133986</td>\n      <td>0.180657</td>\n      <td>-0.166409</td>\n      <td>0.063145</td>\n      <td>0.623077</td>\n      <td>0.695889</td>\n    </tr>\n    <tr>\n      <th>Marking</th>\n      <td>-0.278099</td>\n      <td>0.598093</td>\n      <td>-0.254155</td>\n      <td>-0.157179</td>\n      <td>-0.027177</td>\n      <td>0.162987</td>\n      <td>0.156665</td>\n      <td>-0.076668</td>\n      <td>-0.243806</td>\n      <td>-0.543012</td>\n      <td>...</td>\n      <td>0.227423</td>\n      <td>0.297411</td>\n      <td>-0.130621</td>\n      <td>0.943249</td>\n      <td>-0.246544</td>\n      <td>0.375929</td>\n      <td>0.939911</td>\n      <td>0.309717</td>\n      <td>-0.037392</td>\n      <td>-0.370550</td>\n    </tr>\n    <tr>\n      <th>Penalties</th>\n      <td>0.134489</td>\n      <td>-0.070776</td>\n      <td>0.234285</td>\n      <td>0.126553</td>\n      <td>0.475685</td>\n      <td>0.390170</td>\n      <td>0.278554</td>\n      <td>0.499030</td>\n      <td>0.487034</td>\n      <td>0.656310</td>\n      <td>...</td>\n      <td>0.341652</td>\n      <td>0.301491</td>\n      <td>0.545650</td>\n      <td>-0.343738</td>\n      <td>0.109602</td>\n      <td>0.015522</td>\n      <td>-0.315758</td>\n      <td>0.019065</td>\n      <td>0.449446</td>\n      <td>0.651670</td>\n    </tr>\n    <tr>\n      <th>Positioning</th>\n      <td>0.329115</td>\n      <td>-0.031609</td>\n      <td>0.401633</td>\n      <td>0.221134</td>\n      <td>0.648604</td>\n      <td>0.476571</td>\n      <td>0.432695</td>\n      <td>0.544046</td>\n      <td>0.692966</td>\n      <td>0.735720</td>\n      <td>...</td>\n      <td>0.493544</td>\n      <td>0.416923</td>\n      <td>0.568744</td>\n      <td>-0.328529</td>\n      <td>0.295938</td>\n      <td>0.176463</td>\n      <td>-0.294812</td>\n      <td>0.002831</td>\n      <td>0.601337</td>\n      <td>0.665607</td>\n    </tr>\n    <tr>\n      <th>Reactions</th>\n      <td>0.114344</td>\n      <td>0.398986</td>\n      <td>0.218898</td>\n      <td>0.084346</td>\n      <td>0.650824</td>\n      <td>0.687898</td>\n      <td>0.450723</td>\n      <td>0.446571</td>\n      <td>0.486425</td>\n      <td>0.305107</td>\n      <td>...</td>\n      <td>1.000000</td>\n      <td>0.630157</td>\n      <td>0.485614</td>\n      <td>0.218283</td>\n      <td>0.111506</td>\n      <td>0.400778</td>\n      <td>0.253866</td>\n      <td>0.275942</td>\n      <td>0.513337</td>\n      <td>0.407524</td>\n    </tr>\n    <tr>\n      <th>Short passing</th>\n      <td>0.011354</td>\n      <td>0.328198</td>\n      <td>0.198202</td>\n      <td>0.155829</td>\n      <td>0.727369</td>\n      <td>0.614264</td>\n      <td>0.538700</td>\n      <td>0.512589</td>\n      <td>0.539136</td>\n      <td>0.245443</td>\n      <td>...</td>\n      <td>0.630157</td>\n      <td>1.000000</td>\n      <td>0.439895</td>\n      <td>0.310512</td>\n      <td>-0.028539</td>\n      <td>0.323316</td>\n      <td>0.351084</td>\n      <td>0.106062</td>\n      <td>0.694760</td>\n      <td>0.351591</td>\n    </tr>\n    <tr>\n      <th>Shot power</th>\n      <td>0.159498</td>\n      <td>0.185610</td>\n      <td>0.226945</td>\n      <td>0.082305</td>\n      <td>0.585778</td>\n      <td>0.504732</td>\n      <td>0.373001</td>\n      <td>0.549159</td>\n      <td>0.535446</td>\n      <td>0.582733</td>\n      <td>...</td>\n      <td>0.485614</td>\n      <td>0.439895</td>\n      <td>1.000000</td>\n      <td>-0.124977</td>\n      <td>0.166304</td>\n      <td>0.214342</td>\n      <td>-0.091900</td>\n      <td>0.217033</td>\n      <td>0.502688</td>\n      <td>0.647143</td>\n    </tr>\n    <tr>\n      <th>Sliding tackle</th>\n      <td>-0.265600</td>\n      <td>0.604516</td>\n      <td>-0.242149</td>\n      <td>-0.132111</td>\n      <td>-0.020306</td>\n      <td>0.158183</td>\n      <td>0.170799</td>\n      <td>-0.066751</td>\n      <td>-0.226410</td>\n      <td>-0.551173</td>\n      <td>...</td>\n      <td>0.218283</td>\n      <td>0.310512</td>\n      <td>-0.124977</td>\n      <td>1.000000</td>\n      <td>-0.238841</td>\n      <td>0.372448</td>\n      <td>0.959091</td>\n      <td>0.281617</td>\n      <td>-0.028665</td>\n      <td>-0.371330</td>\n    </tr>\n    <tr>\n      <th>Sprint speed</th>\n      <td>0.845285</td>\n      <td>-0.141270</td>\n      <td>0.559481</td>\n      <td>0.326471</td>\n      <td>0.222851</td>\n      <td>0.082739</td>\n      <td>0.282582</td>\n      <td>0.180019</td>\n      <td>0.416306</td>\n      <td>0.269362</td>\n      <td>...</td>\n      <td>0.111506</td>\n      <td>-0.028539</td>\n      <td>0.166304</td>\n      <td>-0.238841</td>\n      <td>1.000000</td>\n      <td>0.183090</td>\n      <td>-0.252568</td>\n      <td>-0.135879</td>\n      <td>0.056201</td>\n      <td>0.206842</td>\n    </tr>\n    <tr>\n      <th>Stamina</th>\n      <td>0.155984</td>\n      <td>0.450735</td>\n      <td>0.171973</td>\n      <td>0.068056</td>\n      <td>0.257693</td>\n      <td>0.335489</td>\n      <td>0.269991</td>\n      <td>0.169983</td>\n      <td>0.149400</td>\n      <td>-0.009232</td>\n      <td>...</td>\n      <td>0.400778</td>\n      <td>0.323316</td>\n      <td>0.214342</td>\n      <td>0.372448</td>\n      <td>0.183090</td>\n      <td>1.000000</td>\n      <td>0.393291</td>\n      <td>0.323926</td>\n      <td>0.219257</td>\n      <td>0.059566</td>\n    </tr>\n    <tr>\n      <th>Standing tackle</th>\n      <td>-0.280186</td>\n      <td>0.624399</td>\n      <td>-0.241289</td>\n      <td>-0.147119</td>\n      <td>0.017430</td>\n      <td>0.195383</td>\n      <td>0.178155</td>\n      <td>-0.040574</td>\n      <td>-0.202561</td>\n      <td>-0.517038</td>\n      <td>...</td>\n      <td>0.253866</td>\n      <td>0.351084</td>\n      <td>-0.091900</td>\n      <td>0.959091</td>\n      <td>-0.252568</td>\n      <td>0.393291</td>\n      <td>1.000000</td>\n      <td>0.317141</td>\n      <td>0.020072</td>\n      <td>-0.342426</td>\n    </tr>\n    <tr>\n      <th>Strength</th>\n      <td>-0.253388</td>\n      <td>0.472062</td>\n      <td>-0.347566</td>\n      <td>-0.511262</td>\n      <td>0.049432</td>\n      <td>0.261743</td>\n      <td>-0.046416</td>\n      <td>-0.063919</td>\n      <td>-0.127580</td>\n      <td>-0.055406</td>\n      <td>...</td>\n      <td>0.275942</td>\n      <td>0.106062</td>\n      <td>0.217033</td>\n      <td>0.281617</td>\n      <td>-0.135879</td>\n      <td>0.323926</td>\n      <td>0.317141</td>\n      <td>1.000000</td>\n      <td>-0.034438</td>\n      <td>-0.007951</td>\n    </tr>\n    <tr>\n      <th>Vision</th>\n      <td>0.120210</td>\n      <td>0.098506</td>\n      <td>0.333929</td>\n      <td>0.242899</td>\n      <td>0.692793</td>\n      <td>0.552260</td>\n      <td>0.496810</td>\n      <td>0.605650</td>\n      <td>0.639090</td>\n      <td>0.498506</td>\n      <td>...</td>\n      <td>0.513337</td>\n      <td>0.694760</td>\n      <td>0.502688</td>\n      <td>-0.028665</td>\n      <td>0.056201</td>\n      <td>0.219257</td>\n      <td>0.020072</td>\n      <td>-0.034438</td>\n      <td>1.000000</td>\n      <td>0.530519</td>\n    </tr>\n    <tr>\n      <th>Volleys</th>\n      <td>0.231575</td>\n      <td>-0.062425</td>\n      <td>0.348899</td>\n      <td>0.192263</td>\n      <td>0.571567</td>\n      <td>0.462679</td>\n      <td>0.350363</td>\n      <td>0.585876</td>\n      <td>0.603352</td>\n      <td>0.741708</td>\n      <td>...</td>\n      <td>0.407524</td>\n      <td>0.351591</td>\n      <td>0.647143</td>\n      <td>-0.371330</td>\n      <td>0.206842</td>\n      <td>0.059566</td>\n      <td>-0.342426</td>\n      <td>-0.007951</td>\n      <td>0.530519</td>\n      <td>1.000000</td>\n    </tr>\n  </tbody>\n</table>\n<p>29 rows × 29 columns</p>\n</div>"
     },
     "execution_count": 2,
     "metadata": {},
     "output_type": "execute_result"
    }
   ],
   "execution_count": 2
  }
 ],
 "metadata": {
  "kernelspec": {
   "display_name": "Python 3",
   "language": "python",
   "name": "python3"
  },
  "language_info": {
   "codemirror_mode": {
    "name": "ipython",
    "version": 2
   },
   "file_extension": ".py",
   "mimetype": "text/x-python",
   "name": "python",
   "nbconvert_exporter": "python",
   "pygments_lexer": "ipython2",
   "version": "2.7.6"
  }
 },
 "nbformat": 4,
 "nbformat_minor": 5
}
